flood_simulation/flood_simulation/data/CaddiesInput/etteln_demv5.asc
ncols         275
nrows         289
xllcorner     4232063.2114
yllcorner     3162220
cellsize      30
NODATA_value  -9999
[rows 68 to 101 of 289, columns 154 to 230 of 275]
248.7 247.2 245.5 243.6 241.1 237.7 233.6 229.9 226.7 224.3 223 223.2 224.4 226 227.8 230 232.6 235.4 238.1 240.8 243.7 246.2 248.3 249.2 249.5 249.3 248.8 248.3 248.8 250.3 252 253 253.3 253.7 254.7 256 257.6 259.3 261 262.2 263.1 264.1 265 265.7 266.4 267.2 267.9 268.6 269.2 269.8 270.3 271 271.4 271.7 272.5 273.5 274.2 274.7 275.3 275.9 276.6 277.3 277.9 278.5 279 279.7 281 282.3 283.1 283.9 284.8 285.7 286.7 287.7 288.6 289.4 290.4
244.2 242.2 239.8 237.4 234.5 230.8 226.5 223.3 221.7 221.8 223.4 226.1 229 231.4 233.8 236.3 239.2 242.1 244.6 247.3 249.4 251.4 253.1 254.2 254.2 253.7 252.7 251.8 251.5 252.5 254.1 255.3 255.9 256.3 257.1 258 258.9 260 261.5 263 264.2 265.3 266.3 267.1 267.8 268.4 269 269.8 270.7 271.4 271.9 272.7 273.1 273.5 274.2 275.1 275.7 276.3 276.9 277.6 278.2 278.8 279.2 279.7 279.9 280.3 281.6 283.1 284 284.8 285.6 286.6 287.5 288.2 288.7 289.5 290.5
238.4 235.6 232.7 229.6 226.4 223.2 220.7 219.9 221.2 224.3 228.4 232.5 235.9 238.6 241.1 243.8 246.5 248.7 250.8 252.9 254.5 255.5 256.9 257.7 257.7 257.1 256.2 255.2 254.6 255.1 256.2 257.3 258.2 258.8 259.4 260.1 260.6 261.1 262.1 263.6 265 266.4 267.5 268.4 269.1 269.6 270.1 271 272.1 272.9 273.4 273.9 274.6 275.1 275.8 276.5 277.2 277.9 278.5 279.1 279.8 280.4 280.9 281.4 281.6 282 283 284.2 285 285.7 286.6 287.5 288.4 288.9 289.3 289.8 290.9
230.9 227.6 224.2 220.9 218.5 217.5 218.4 220.7 224.6 229.4 234.8 239.7 243.5 246.1 248.3 250.7 252.8 254.4 255.7 257.5 258.5 259.1 259.8 260.3 260.3 259.9 259.3 258.7 258.1 258.1 258.7 259.5 260.3 260.9 261.4 262.1 262.6 262.8 263.4 264.5 265.9 267.3 268.5 269.5 270.4 271 271.6 272.5 273.6 274.3 274.7 275.1 275.7 276.4 277.2 278 278.8 279.4 280.1 280.7 281.3 282 282.6 283 283.4 283.9 284.7 285.4 286.1 286.6 287.3 288.2 289.1 289.8 290.1 290.6 291.5
222.4 219.5 217 215 214.5 216.7 220.6 224.8 229.1 234.1 239.8 245.5 249.6 252.1 253.9 255.7 257.4 258.4 259.4 260.6 261.4 261.7 262.1 262.1 262.3 262.2 262.1 261.8 261.6 261.4 261.6 262 262.5 262.8 263.2 263.9 264.5 264.8 265.2 265.9 266.9 268.3 269.5 270.5 271.5 272.4 273.1 273.9 274.7 275.5 276 276.4 277 277.8 278.8 279.6 280.4 281 281.6 282.1 282.7 283.3 283.9 284.2 284.7 285.3 286 286.7 287.3 287.6 288.2 289 289.8 290.5 291 291.4 292.3
214.9 213.9 213.5 213.8 215.8 220 225.2 229.4 233.3 238 244.1 249.9 253.9 256.1 257.6 259 260.2 261.1 261.9 262.7 263 263.1 263.5 263.7 263.8 263.9 264.1 264.4 264.6 264.5 264.5 264.7 264.9 265 265.3 265.9 266.4 266.7 267 267.4 268.2 269.4 270.6 271.5 272.4 273.4 274.2 274.9 275.6 276.5 277.2 277.7 278.3 279.2 280.2 280.9 281.6 282.2 282.9 283.4 283.9 284.5 285.2 285.6 286 286.7 287.3 288 288.5 288.9 289.4 290.2 290.8 291.5 292 292.4 293.1
210.6 212 214.2 216.5 219.5 224.1 228.8 232.8 236.5 241.9 248.2 253.7 256.9 258.5 259.8 261 261.9 262.6 263.2 263.6 263.6 263.8 264.5 265 265.3 265.4 265.7 266.5 267 267.1 267 267.3 267.4 267.3 267.5 267.9 268.1 268.3 268.4 268.8 269.6 270.7 271.8 272.7 273.5 274.4 275.3 276 276.7 277.4 278.2 279 279.7 280.6 281.4 281.9 282.5 283.2 284 284.6 285.1 285.7 286.4 286.9 287.4 288 288.5 289.1 289.6 290 290.5 291.1 291.7 292.4 293 293.6 294.1
211 214.3 218 221 224.1 227.6 231.5 235 239.2 244.6 250.9 255.8 258.6 259.7 260.6 261.7 262.5 263.2 263.8 264 264.1 264.5 265.3 266.3 266.9 267 267.3 268.1 268.9 269 269.1 269.3 269.5 269.4 269.5 269.6 269.7 269.8 269.8 270.2 271.1 272.2 273.1 273.8 274.6 275.7 276.6 277.3 277.9 278.6 279.4 280.3 281.2 282 282.6 283 283.5 284.3 285.1 285.8 286.4 287 287.5 288.1 288.6 289 289.5 290.2 290.6 291 291.4 291.9 292.5 293.2 294 294.6 295.1
214.8 219.2 223.4 226.8 229.4 231.9 234.5 237.5 241 245.9 251.3 255.9 258.6 259.7 260.4 261.5 262.5 263.4 264.1 264.5 264.9 265.2 266.1 267.2 268.1 268.3 268.6 269.4 270.1 270.5 270.7 270.9 271 271.1 271.1 271.2 271.3 271.4 271.5 271.8 272.5 273.5 274.3 274.9 275.8 276.9 277.9 278.6 279.2 279.8 280.7 281.6 282.4 283.2 283.8 284.3 284.8 285.4 286.2 286.8 287.4 287.9 288.6 289.2 289.6 289.9 290.5 291 291.5 291.9 292.4 292.9 293.4 294.2 294.8 295.4 296
220.8 225.6 229.8 233 235.1 236.7 238.5 240.3 242.9 246.5 250.7 254.6 257.3 258.7 259.6 260.9 262.3 263.3 264.2 264.9 265.3 265.7 266.5 267.8 268.9 269.4 269.8 270.5 271.2 271.7 272 272.2 272.3 272.4 272.4 272.6 272.9 273.1 273.2 273.6 274.1 274.9 275.6 276.2 277.1 278.2 279.1 279.8 280.4 281.1 282 282.9 283.7 284.4 285 285.6 286.2 286.8 287.4 287.9 288.2 288.7 289.5 290.3 290.7 291.1 291.7 292 292.3 292.8 293.4 293.8 294.4 295 295.6 296.1 296.6
227.5 232.1 236 238.7 240.4 241.8 242.9 244.1 245.6 247.9 250.7 253.7 256 257.3 258.5 260.3 262 263.3 264.4 265.2 265.7 266.1 267.3 268.5 269.6 270.3 270.9 271.4 271.9 272.5 273 273.3 273.6 273.7 273.7 274 274.3 274.6 275 275.4 275.9 276.4 277.1 277.6 278.3 279.2 280.1 280.8 281.5 282.4 283.2 284 284.7 285.4 286 286.6 287.3 288.1 288.7 289 289.3 289.6 290.4 291.2 291.7 292.3 293 293.3 293.4 293.7 294.3 294.8 295.3 295.8 296.3 296.8 297.5
233.3 237.3 240.7 243.3 245 246.3 247.4 248.2 249.2 250.5 252.3 254.2 255.7 256.8 258.3 260.4 262.3 263.7 264.9 265.9 266.4 267.2 268.3 269.4 270.1 270.9 271.6 272.1 272.6 273.3 273.8 274.4 274.9 275.2 275.3 275.5 275.9 276.1 276.6 277 277.3 277.7 278.1 278.7 279.4 280.2 280.9 281.7 282.6 283.5 284.2 284.8 285.5 286.2 286.8 287.4 288.2 289 289.6 290.1 290.4 290.7 291.3 291.9 292.5 293.4 294 294.3 294.4 294.7 295.2 295.7 296.3 296.7 297.2 297.8 298.5
237.8 241 244 246.6 248.3 249.8 251 251.9 252.8 253.7 254.7 255.9 257.1 258.2 259.8 261.6 263.3 264.4 265.6 266.6 267.3 268.2 269.3 270.1 270.8 271.5 272.3 272.9 273.5 274.1 274.7 275.4 276 276.5 276.7 277.1 277.4 277.7 278 278.3 278.5 278.8 279.2 279.8 280.5 281.2 281.9 282.7 283.6 284.5 285.2 285.7 286.3 286.9 287.5 288.1 288.9 289.8 290.4 290.9 291.3 291.5 292.1 292.6 293.4 294.2 294.8 295.1 295.2 295.5 295.9 296.4 296.9 297.5 297.9 298.6 299.3
241.3 244.1 246.8 248.9 250.6 252.1 253.4 254.3 255.3 256.1 257 258.2 259.3 260.4 261.7 263.2 264.3 265 266.1 267.2 268 268.9 269.8 270.6 271.4 272.1 272.7 273.5 274.3 275 275.6 276.2 276.8 277.4 277.9 278.2 278.6 278.9 279.2 279.5 279.7 280 280.4 280.9 281.5 282.3 282.9 283.7 284.5 285.4 286.1 286.6 287 287.6 288.3 289 289.9 290.7 291.2 291.4 291.2 291.4 292.4 293.5 294.3 295.1 295.5 295.7 295.9 296.2 296.5 296.8 297.3 297.6 298 298.8 299.9
244.3 246.9 249 250.8 252.2 253.7 255.1 256.1 256.9 257.9 258.9 260.1 261.2 262.2 263.2 264.2 264.7 265 266.1 267.5 268.5 269.4 270.2 271.1 271.8 272.3 272.9 273.8 274.9 275.7 276.3 276.9 277.5 278.1 278.6 279.1 279.5 279.9 280.2 280.5 280.9 281.3 281.6 282 282.5 283.2 283.8 284.6 285.4 286.2 286.9 287.2 287.6 288.3 288.9 289.6 290.5 291.4 291.5 291.7 291.3 291.6 293 294.3 295.1 295.8 296.1 296.3 296.5 296.8 297.1 297.4 297.6 297.7 298 299 300.2
246.9 249.1 250.8 252.2 253.6 255.1 256.5 257.3 258.1 259.1 260.4 261.6 262.6 263.5 264.3 265 265.2 265.3 266.4 267.9 269.1 269.9 270.7 271.5 272.2 272.6 273.1 274.1 275.3 276.2 276.9 277.5 278.2 278.8 279.4 279.9 280.4 280.9 281.1 281.5 281.9 282.4 282.7 283 283.6 284.1 284.7 285.4 286.3 287 287.5 287.8 288.2 288.9 289.5 290 291 291.3 291.4 291.9 292.4 292.9 294.1 295.1 295.8 296.3 296.7 296.9 297.1 297.4 297.8 298.2 298.5 298.5 298.8 299.6 300.6
248.9 250.6 252.1 253.4 254.8 256.3 257.6 258.5 259 260.2 261.4 262.5 263.3 264.2 265 265.7 266 266.2 267.2 268.6 269.6 270.4 271.1 271.9 272.6 273.1 273.7 274.6 275.7 276.7 277.4 278.2 278.9 279.4 279.9 280.5 281.2 281.6 281.9 282.2 282.7 283.1 283.5 284 284.5 285.1 285.6 286.3 287.1 287.7 288.1 288.3 288.8 289.7 290.2 290.8 291.5 291.5 291.2 292.1 293.4 294.4 295.1 295.6 296.1 296.7 297.2 297.5 297.8 298.1 298.6 299 299.3 299.6 299.9 300.5 301
250.4 251.8 253.1 254.3 255.7 257 258.5 259.4 260.1 261 262.1 262.9 263.7 264.5 265.4 266.1 266.6 267.2 268.2 269.2 270 270.7 271.5 272.2 272.8 273.4 274.2 275.1 276.2 277.1 277.9 278.7 279.3 279.8 280.3 281 281.8 282.3 282.6 283 283.4 283.8 284.2 284.6 285.2 285.8 286.3 287 287.7 288.2 288.5 288.9 289.6 290.4 291.1 291.6 292.3 292.4 292.3 293 294.3 295.1 295.7 296.1 296.6 297.1 297.5 297.9 298.6 299.1 299.4 299.7 300 300.4 300.8 301.2 301.6
251.6 252.9 254.2 255.3 256.4 257.5 258.9 260.1 260.8 261.7 262.5 263.3 264.1 265 265.9 266.6 267.3 267.9 268.7 269.5 270.3 271.1 271.8 272.5 272.9 273.5 274.4 275.5 276.5 277.5 278.2 279 279.8 280.3 280.8 281.6 282.3 282.9 283.3 283.9 284.3 284.4 284.6 285.1 285.7 286.3 286.8 287.5 288.3 288.7 289 289.6 290.4 291.1 291.7 292.4 293.1 293.7 293.8 294.4 295 295.8 296.3 296.9 297.3 297.6 297.9 298.4 299.3 299.8 299.9 300.1 300.5 300.9 301.5 301.9 302.2
252.6 253.8 255.1 256.2 257 257.8 259.2 260.5 261.2 261.9 262.8 263.7 264.7 265.6 266.4 267 267.8 268.6 269.3 270 270.7 271.5 272.2 272.7 273.1 273.8 274.8 275.6 276.5 277.5 278.6 279.4 280.2 280.9 281.5 282.1 282.8 283.4 284 284.6 284.9 284.7 284.8 285.5 286.3 286.8 287.2 288 288.9 289.4 289.7 290.3 291.1 291.6 292.1 292.9 293.8 294.5 294.9 295.1 295.7 296.4 297.1 297.6 298.1 298.5 298.8 299.2 300 300.5 300.5 300.6 301 301.6 302.1 302.5 302.7
253.4 254.6 255.8 256.9 257.6 258.4 259.6 260.8 261.5 262.1 263 264.2 265.2 266.1 266.6 267.2 268.2 269.1 269.9 270.6 271.3 271.9 272.3 272.8 273.5 274.4 275.2 275.8 276.4 277.6 278.7 279.7 280.6 281.3 281.9 282.4 283.1 283.8 284.5 285 285.2 284.9 285 286 286.9 287.2 287.5 288.4 289.5 290.1 290.5 291 291.6 292 292.5 293.2 294.1 294.9 295.3 295.7 296.3 297.2 297.9 298.4 298.9 299.5 300 300.4 300.9 301.1 301.2 301.4 301.7 302.1 302.4 302.7 -9999
254.2 255.1 256.2 257.3 258.1 259 260.1 261 261.7 262.4 263.4 264.6 265.6 266.4 266.9 267.5 268.6 269.7 270.5 271.3 272 272.4 272.6 272.9 273.8 274.9 275.7 276.2 276.9 277.9 279.1 280 280.9 281.6 282.1 282.7 283.5 284.2 284.8 285.3 285.6 285.4 285.7 286.7 287.5 287.6 287.9 288.9 289.9 290.6 291.1 291.5 292.1 292.6 293 293.6 294.5 295.3 295.8 296.3 296.9 297.7 298.3 298.8 299.4 300.1 300.6 301 301.2 301.5 301.7 302.1 302.3 302.3 -9999 -9999 -9999
254.8 255.5 256.3 257.2 258.1 259.2 260.2 261 261.7 262.6 263.6 264.7 265.7 266.5 267.3 268 268.9 269.9 270.8 271.7 272.6 272.9 272.9 273.2 274.1 275.2 276 276.7 277.3 278.2 279.1 280.2 281.1 281.7 282.3 283 283.9 284.6 285.1 285.6 285.9 286.1 286.6 287.5 287.9 288.1 288.5 289.6 290.5 291.1 291.5 291.8 292.5 293.2 293.7 294.3 295.1 295.8 296.3 296.9 297.5 298 298.5 299 299.7 300.4 300.9 301.1 301.3 301.6 302 302.4 302.6 -9999 -9999 -9999 -9999
255.2 255.8 256.5 257.3 258.2 259.1 260.1 260.9 261.7 262.6 263.6 264.6 265.6 266.5 267.4 268.1 268.9 269.7 270.5 271.5 272.5 273 273 273.4 274.4 275.4 276.1 276.7 277.4 278.2 279.2 280.3 281.1 281.8 282.4 283.3 284.1 284.8 285.3 285.9 286.2 286.7 287.4 288 288.2 288.6 289.3 290.3 291.1 291.5 291.8 292.2 292.9 293.8 294.4 295.1 295.7 296.2 296.8 297.4 297.9 298.3 298.6 299.3 300 300.8 301.2 301.3 301.5 301.7 -9999 -9999 -9999 -9999 -9999 -9999 -9999
255.7 256.3 256.9 257.6 258.1 258.8 259.7 260.7 261.6 262.5 263.5 264.6 265.6 266.5 267.2 267.8 268.5 269.2 270 270.9 272 272.7 272.9 273.5 274.4 275.3 275.9 276.6 277.4 278.3 279.3 280.2 281 281.6 282.4 283.1 284 284.7 285.4 286 286.5 287.1 287.9 288.5 288.7 289.2 290 291 291.6 292 292.3 292.8 293.6 294.3 294.8 295.4 295.9 296.3 297 297.8 298.5 298.8 299.1 299.6 300.3 301.1 301.7 301.7 -9999 -9999 -9999 -9999 -9999 -9999 -9999 -9999 -9999
256.3 256.7 257.2 257.6 257.9 258.4 259.4 260.6 261.6 262.5 263.3 264.4 265.4 266.1 266.7 267.2 267.9 268.8 269.7 270.6 271.6 272.3 272.8 273.2 274 274.8 275.7 276.5 277.5 278.4 279.2 279.9 280.7 281.4 282.1 282.9 283.6 284.4 285.2 286 286.5 287.3 288.3 289 289.6 289.9 290.7 291.5 292.1 292.3 292.8 293.4 294.2 294.7 295.2 295.7 296.1 296.4 297.2 298 298.7 299.3 299.6 299.9 300.4 301.2 301.7 -9999 -9999 -9999 -9999 -9999 -9999 -9999 -9999 -9999 -9999
256.6 256.9 257.4 257.8 258.1 258.7 259.8 260.9 261.7 262.3 263 263.9 265 265.8 266.3 266.8 267.6 268.5 269.5 270.3 271.1 271.9 272.4 272.9 273.5 274.5 275.6 276.5 277.4 278.3 279.1 279.7 280.3 281 281.8 282.6 283.3 284.1 285.2 285.9 286.5 287.4 288.5 289.5 290 290.4 291 291.8 292.3 292.5 293 293.7 294.4 295 295.3 295.7 296.2 296.7 297.2 298 298.7 299.4 299.9 300.2 300.5 301.1 301.6 -9999 -9999 -9999 -9999 -9999 -9999 -9999 -9999 -9999 -9999
256.6 257 257.6 258.2 258.8 259.4 260.4 261.2 261.8 262.4 263 263.8 264.9 265.7 266 266.6 267.3 268.1 269 269.8 270.6 271.4 272.1 272.6 273.4 274.4 275.5 276.4 277.2 278.1 278.9 279.4 280.1 280.7 281.5 282.3 283.1 284.1 285.2 286 286.7 287.6 288.7 289.6 290.2 290.5 291.2 291.9 292.2 292.5 293.1 293.9 294.7 295.1 295.3 295.6 296.3 296.9 297.5 298.1 298.7 299.4 300.1 300.5 300.7 301 -9999 -9999 -9999 -9999 -9999 -9999 -9999 -9999 -9999 -9999 -9999
256.6 257.2 257.9 258.5 259.2 259.9 260.8 261.4 262.1 262.9 263.4 264.1 265.1 265.6 265.9 266.5 267.3 267.9 268.6 269.5 270.4 271.1 271.8 272.4 273.3 274.4 275.4 276.2 277 277.9 278.6 279.3 279.9 280.6 281.4 282.3 283.1 284.1 285.2 286.2 287 288 289 289.9 290.5 290.9 291.3 291.7 291.8 292.3 293.2 294.2 295 295.3 295.4 295.9 296.7 297.5 297.9 298.4 298.7 299.2 300 300.4 300.7 -9999 -9999 -9999 -9999 -9999 -9999 -9999 -9999 -9999 -9999 -9999 -9999
256.2 257.2 258 258.7 259.3 260.2 261.1 261.8 262.6 263.3 263.9 264.5 265.2 265.7 266.2 267.1 267.8 268.4 269 269.9 270.6 271.2 271.6 272.2 273.2 274.5 275.4 276.2 276.9 277.6 278.4 279.2 279.9 280.7 281.6 282.5 283.3 284.2 285.3 286.3 287.3 288.3 289.2 290 290.6 291 291.3 291.4 291.6 292.3 293.2 294.2 295 295.4 295.6 296.1 297.1 297.7 298.2 298.4 298.5 298.9 299.5 300.1 -9999 -9999 -9999 -9999 -9999 -9999 -9999 -9999 -9999 -9999 -9999 -9999 -9999
255.8 257 258.1 258.6 259.1 260.2 261.3 262.1 262.9 263.7 264.3 265.1 265.9 266.4 267.1 268 268.9 269.4 270 270.6 271 271.4 271.8 272.5 273.6 274.9 275.7 276.4 277 277.8 278.7 279.6 280.3 281.1 282 282.9 283.7 284.6 285.6 286.6 287.6 288.4 289.2 289.9 290.5 290.9 291.2 291.5 291.9 292.5 293.4 294.1 294.7 295.2 295.6 296.3 296.9 297.6 298.1 298.4 298.4 298.6 299.2 -9999 -9999 -9999 -9999 -9999 -9999 -9999 -9999 -9999 -9999 -9999 -9999 -9999 -9999
255.4 256.9 257.9 258.3 258.7 260 261.3 262.1 262.9 263.7 264.6 265.6 266.5 267.2 268 269 269.6 270.2 270.8 271.4 271.7 272.1 272.8 273.7 274.6 275.6 276.3 276.9 277.5 278.2 279.2 280.2 280.9 281.6 282.5 283.4 284.2 285.1 286.1 287.1 287.9 288.6 289.4 290.1 290.6 291 291.4 291.9 292.4 293 293.7 294.1 294.6 295.2 295.8 296.4 296.9 297.5 298.1 298.4 -9999 -9999 -9999 -9999 -9999 -9999 -9999 -9999 -9999 -9999 -9999 -9999 -9999 -9999 -9999 -9999 -9999
255.1 256.4 257.4 257.9 258.6 260 261.2 262 262.9 263.7 264.6 265.6 266.6 267.6 268.6 269.4 270 270.7 271.5 272.1 272.6 273.1 274.2 275.1 275.8 276.5 277.2 277.7 278.2 278.9 279.9 280.9 281.6 282.3 283.2 284.1 284.8 285.7 286.7 287.6 288.5 289.1 289.8 290.4 291 291.4 291.8 292.3 292.8 293.4 294.1 294.5 294.9 295.5 296.2 296.7 297 297.5 298 298.3 -9999 -9999 -9999 -9999 -9999 -9999 -9999 -9999 -9999 -9999 -9999 -9999 -9999 -9999 -9999 -9999 -9999
254.6 255.8 256.7 257.5 258.6 260.1 261.2 262 262.9 263.8 264.7 265.6 266.5 267.6 268.7 269.7 270.5 271.3 272.1 272.9 273.5 274.3 275.3 276 276.5 277.3 278.1 278.5 279 279.8 280.8 281.7 282.4 283.3 284.2 285 285.5 286.3 287.3 288.3 289.1 289.7 290.2 290.8 291.4 291.9 292.2 292.6 293.3 293.9 294.5 294.9 295.3 295.9 296.4 296.9 297.3 297.6 298 -9999 -9999 -9999 -9999 -9999 -9999 -9999 -9999 -9999 -9999 -9999 -9999 -9999 -9999 -9999 -9999 -9999 -9999
