flood_simulation/flood_simulation/data/CaddiesInput/etteln_demv5.asc
ncols         275
nrows         289
xllcorner     4232063.2114
yllcorner     3162220
cellsize      30
NODATA_value  -9999
[rows 34 to 67 of 289, columns 154 to 230 of 275]
215.4 216.1 217.7 219.4 220.6 221.6 222.9 225.3 229.3 233.9 238.8 243.3 247.2 250.2 252.6 254.6 256 257.6 259.4 261.1 262.1 263 264.1 265.4 266.3 267.1 268.2 269.2 270.1 270.5 271.2 272 272.9 273.7 274.7 275.7 276.6 277.2 277.8 278.5 279.3 279.8 280.3 281 281.7 282.1 282.4 283.3 284.3 285.1 285.9 286.8 288 288.6 288.9 289.4 290.4 291.3 291.7 292.1 292.8 294 295 295.9 296.4 297.1 297.9 298.6 299.2 299.8 300.6 301 301.6 302 302.5 303.3 304.2
224.6 225 226 227.1 227.9 228.2 228.4 229.7 232.6 236.4 240.5 244.9 248.8 251.9 254.3 256.3 257.8 259.4 261.2 262.5 263.4 264.4 265.6 266.9 267.7 268.4 269.3 270.3 271.1 271.6 272.3 273.2 274.2 275.1 276 276.9 277.8 278.5 279.1 279.8 280.5 280.8 281.1 281.6 282.2 282.6 283.1 283.9 285.1 286.1 286.7 287.6 288.4 289 289.3 290.1 291.1 291.8 292.3 292.8 293.7 294.7 295.8 296.8 297.3 297.8 298.4 299.1 299.7 300.3 300.8 301.3 301.7 302.2 302.5 303.2 304
233.2 233.5 234 234.5 234.9 234.8 234.6 235.2 237.2 239.9 243.1 246.8 250.5 253.4 255.8 257.8 259.5 261.1 262.6 263.8 264.7 265.8 267 268.1 268.7 269.4 270.3 271.2 272.1 272.8 273.6 274.5 275.4 276.2 277 277.8 278.7 279.5 280 280.5 280.9 281.2 281.5 281.9 282.4 283 283.7 284.7 286 286.9 287.5 288 288.8 289.3 289.7 290.6 291.6 292.2 292.7 293.4 294.3 295.2 296.1 297.1 297.6 298 298.6 299.4 300.1 300.6 301 301.3 301.7 302.2 302.5 302.8 303.4
239.5 239.8 240.4 240.8 240.9 240.8 240.5 240.8 242.2 244.2 246.6 249.3 252.3 255 257.4 259.3 261 262.6 264 265 265.8 266.9 268.1 268.9 269.5 270.3 271.2 271.9 272.9 274 275 275.8 276.5 277.2 277.9 278.6 279.4 280 280.3 280.5 280.8 281.3 281.8 282.3 282.9 283.6 284.4 285.5 286.7 287.6 288.1 288.7 289.4 289.8 290.3 291.2 292.1 292.6 293.1 293.7 294.7 295.6 296.3 297 297.4 297.7 298.6 299.8 300.7 301.1 301 301.1 301.5 302 302.3 302.5 302.7
243.9 244.4 245.2 245.7 245.8 245.8 245.7 245.9 247.1 248.8 250.4 252.1 254.3 256.8 259 260.8 262.4 263.9 265.3 266.1 266.9 267.8 268.8 269.6 270.2 271 271.7 272.4 273.2 274.6 275.8 276.8 277.4 278 278.5 279 279.4 279.7 280 280.1 280.5 281.2 282 282.7 283.5 284.3 285.1 286.1 287.1 288 288.6 289.1 289.7 290.2 290.8 291.5 292.2 292.9 293.4 294 294.8 295.6 296.2 296.8 297 297.5 298.7 300.4 301.8 302.1 301.6 301 301.1 301.6 302 302.3 302.5
247.2 247.8 248.6 249.3 249.6 249.8 250.1 250.6 251.6 252.9 254 255 256.7 258.8 260.7 262.2 263.6 265.1 266.3 267.1 267.8 268.8 269.6 270.3 271 271.6 272.2 272.6 273.5 274.7 276.2 277.2 277.9 278.4 278.7 279 279.1 279.3 279.5 279.8 280.3 281.3 282.2 283.1 284.1 285 285.8 286.5 287.3 288.1 288.7 289.3 289.9 290.4 291 291.5 292.2 293 293.6 294 294.6 295.2 295.9 296.6 297 297.8 299.3 301.4 303.3 303.9 302.8 301.2 300.8 301.1 301.6 301.9 302.1
249.6 250.3 251.2 251.9 252.4 252.9 253.6 254.4 255.2 256.2 256.9 257.8 259.1 260.9 262.4 263.5 264.6 265.9 267 267.9 268.8 269.6 270.5 271.2 271.8 272.3 272.8 273.5 274.1 275.2 276.4 277.5 278.1 278.4 278.6 278.9 279 279.1 279.3 279.8 280.5 281.6 282.6 283.4 284.5 285.4 286.1 286.8 287.4 288.1 288.7 289.3 289.9 290.5 291 291.4 292 293 293.6 294 294.4 295 295.8 296.5 297.3 298.3 299.9 302.2 304.8 306.4 305.1 302.5 300.8 300.8 300.9 301.2 301.2
251.5 252.3 253.2 254 254.7 255.5 256.3 257 257.7 258.4 259.2 260 261.1 262.6 263.9 264.7 265.5 266.5 267.6 268.6 269.4 270.3 271.2 271.9 272.6 273.1 273.8 274.3 274.8 275.5 276.5 277.2 277.8 277.9 278 278.5 278.9 279.1 279.3 279.9 280.8 281.9 282.7 283.6 284.5 285.4 286.3 286.9 287.6 288.1 288.7 289.2 289.8 290.5 291 291.3 292 292.9 293.5 293.8 294.2 294.9 295.6 296.3 297.2 298.4 300.3 303.2 306.9 309.3 308.5 304.9 301.7 300.2 300 300.1 300.3
252.8 253.9 254.9 255.7 256.4 257.3 258 258.7 259.2 260 260.9 261.7 262.6 263.8 264.9 265.7 266.3 267.3 268.3 269.2 269.9 270.7 271.6 272.4 273.1 273.8 274.4 274.9 275.1 275.7 276.2 276.7 277 277.1 277.2 277.8 278.4 278.8 279.3 279.9 280.9 281.9 282.7 283.6 284.5 285.4 286.2 286.9 287.6 288.2 288.6 289 289.6 290.2 290.8 291.2 291.8 292.6 293.2 293.5 294 294.6 295.2 295.7 296.6 298.1 300.5 304.3 308.5 311.5 311 307.1 302.3 299.4 298.6 299 299.3
253.8 254.9 255.9 256.6 257.5 258.5 259.3 259.9 260.3 261 262 262.9 263.8 264.7 265.6 266.1 266.9 267.9 268.9 269.5 270 271 271.8 272.5 273.3 274.2 274.8 275.2 275.3 275.6 276 276.3 276.5 276.5 276.6 277 277.7 278.3 279 279.9 281 281.9 282.7 283.6 284.6 285.4 286.1 286.7 287.4 288 288.5 288.9 289.3 289.8 290.2 290.6 291.2 292 292.6 293 293.4 294 294.4 294.7 295.4 296.8 299.7 303.7 308.1 311 311.1 307.4 302.3 298.6 297.6 298 298.4
254.5 255.5 256.5 257.4 258.5 259.6 260.4 260.9 261.2 261.9 262.8 263.7 264.6 265.4 265.9 266.3 267.1 268.2 269.1 269.4 269.8 271 272 272.4 273.2 274.2 274.8 275.1 275.1 275.2 275.5 275.9 276.1 276.1 276.2 276.5 277.1 277.8 278.8 279.9 281 282 282.7 283.5 284.4 285.2 285.8 286.4 286.9 287.5 288.1 288.6 288.9 289.2 289.6 290 290.5 291.1 291.5 292 292.5 293 293.3 293.5 293.9 295 297.5 301.4 305.3 308.4 309.3 307 302.5 298.9 297.3 297.2 297.2
255.1 256 257 258.1 259.4 260.5 261.2 261.6 262 262.6 263.3 264 265 265.8 266.2 266.6 267.5 268.6 269.3 269.4 269.8 271 272 272.4 273.1 274 274.5 274.7 274.6 274.6 274.9 275.4 275.7 275.7 275.8 276.2 276.8 277.7 278.8 279.9 280.9 281.7 282.3 282.9 283.7 284.6 285.3 285.8 286.3 286.7 287.2 287.7 288.1 288.5 289 289.4 289.8 290.2 290.4 290.8 291.3 291.8 292.1 292.4 292.8 293.6 295.4 298.2 301.3 304.2 306 305 302.2 299.4 297.4 296.4 296.3
255.7 256.5 257.5 258.7 260 261.1 261.6 262 262.4 262.9 263.6 264.3 265.4 266.3 266.8 267.2 268 269 269.7 269.9 270.3 271.3 272.1 272.5 273.1 273.7 274.1 274.2 274.2 274.2 274.4 275 275.3 275.2 275.5 276.1 276.8 277.8 278.7 279.7 280.5 281.2 281.7 282.3 282.9 283.7 284.5 285.1 285.6 285.9 286.3 286.7 287 287.4 287.9 288.5 288.9 289.2 289.4 289.6 289.9 290.3 290.7 291.2 291.7 292.3 293.4 295.1 297.1 299.6 301.4 301.7 300.8 299.2 297.2 295.7 295.2
256.3 257.1 258 259.1 260.3 261.3 261.8 262.3 262.7 263.1 263.7 264.5 265.7 266.8 267.4 267.7 268.4 269.3 270 270.5 270.9 271.6 272.2 272.6 272.9 273.3 273.4 273.4 273.4 273.4 273.6 274.1 274.4 274.5 275.1 276 276.9 277.8 278.6 279.3 280 280.6 281.1 281.6 282.2 282.8 283.5 284.1 284.5 284.9 285.2 285.5 285.7 286 286.5 287.1 287.5 287.9 288.1 288.4 288.6 288.9 289.4 290 290.5 291 291.6 292.3 293.5 295.2 297.1 298.2 298.5 298 296.4 294.8 293.7
256.9 257.7 258.5 259.4 260.5 261.2 261.7 262.5 263.1 263.4 263.9 264.7 265.7 266.9 267.7 268.2 268.8 269.6 270.2 270.6 271.1 271.5 272 272.2 272.4 272.5 272.5 272.5 272.4 272.4 272.6 273 273.3 273.5 274.5 275.7 276.6 277.4 278.2 278.8 279.4 280.1 280.5 281.1 281.4 281.8 282.3 282.8 283.1 283.5 283.9 284.2 284.4 284.6 285.1 285.5 285.9 286.2 286.6 287 287.3 287.6 288.1 288.6 289.2 289.7 290 290.2 290.5 291.6 293.3 295 296.2 296.3 295.3 293.9 292.5
257.3 258.1 258.8 259.8 260.7 261.2 261.7 262.6 263.4 263.8 264.1 264.8 265.7 266.9 267.9 268.5 269.2 270 270.3 270.6 270.9 271.1 271.3 271.3 271.4 271.4 271.4 271.4 271.4 271.5 271.8 272.4 272.6 272.7 273.7 275.1 276 276.8 277.5 277.9 278.4 279.1 279.7 280.2 280.5 280.8 281.1 281.5 281.8 282.2 282.5 282.9 283.1 283.4 283.6 284 284.3 284.6 285 285.4 285.8 286.2 286.6 287 287.6 288.2 288.4 288.3 288.3 289 290.5 292.5 294.4 295 294.3 293.2 291.3
257.7 258.3 259 260.1 261.1 261.6 262 262.9 263.7 264 264.4 265.1 265.9 267 267.9 268.6 269.2 269.8 270.2 270.3 270.3 270.3 270.3 270.2 270.3 270.4 270.4 270.5 270.5 270.8 271.4 272.3 272.4 272.2 273 274.4 275.5 276.3 276.8 277 277.3 278 278.5 278.8 279.1 279.5 280 280.4 280.7 281 281.3 281.6 281.9 282.1 282.2 282.4 282.8 283.2 283.4 283.7 284.2 284.7 285.1 285.5 286 286.4 286.5 286.5 286.4 286.9 288.1 290.3 292.4 293.3 292.9 291.7 290
257.9 258.5 259.2 260.2 261.3 262 262.5 263.2 263.8 264.3 264.8 265.4 266.1 266.8 267.6 268.1 268.8 269.4 269.6 269.6 269.5 269.3 269.2 269.2 269.3 269.4 269.6 269.9 270.1 270.4 271.2 272.2 272.4 272.1 272.6 273.8 274.8 275.6 276.1 276.3 276.5 277 277.4 277.6 277.7 278.3 278.9 279.2 279.5 279.9 280.1 280.3 280.5 280.7 280.5 280.6 280.9 281.4 281.6 281.8 282.2 282.8 283.3 283.6 284 284.3 284.5 284.6 284.6 284.9 285.7 287.4 289.4 290.5 290.3 289.6 288.4
258.1 258.6 259.3 260.4 261.5 262.2 262.8 263.4 264 264.7 265.2 265.6 266 266.5 267.1 267.6 268.2 268.7 268.9 268.7 268.4 268.2 268.2 268.1 268.2 268.4 268.8 269.3 269.7 270.1 270.9 271.7 272.1 272 272.4 273.1 273.9 274.5 275 275.3 275.6 276.1 276.4 276.5 276.7 277.1 277.5 277.5 277.8 278.1 278.3 278.4 278.7 278.8 278.6 278.5 278.8 279.1 279.2 279.5 279.9 280.5 280.9 281.2 281.6 282 282.4 282.7 282.8 282.8 283.4 284.4 285.8 286.8 287.2 287.3 287.2
257.9 258.6 259.5 260.6 261.5 262.2 262.8 263.4 264.2 265 265.6 265.8 266 266.4 266.8 267.1 267.6 267.9 268 267.7 267.3 267.1 266.9 266.7 266.7 267.1 267.7 268.3 268.8 269.4 270.1 270.6 271 271.2 271.4 271.9 272.5 273.1 273.6 273.9 274.3 274.7 274.9 275.1 275.3 275.6 275.6 275.5 275.6 275.9 275.9 276.1 276.3 276.5 276.4 276.4 276.5 276.6 276.7 276.9 277.4 277.9 278.3 278.5 279.1 279.7 280.3 280.7 280.9 281 281.3 282.1 283.3 284.5 285.3 286.1 286.6
258 258.8 259.8 260.6 261.4 262.2 262.8 263.5 264.3 265.1 265.7 266.1 266.2 266.4 266.6 266.8 266.9 267.1 267 266.7 266.3 265.9 265.5 264.9 264.9 265.6 266.3 266.6 267.1 267.9 268.9 269.3 269.3 269.3 269.6 270.1 270.9 271.5 271.8 272.1 272.4 272.7 272.9 273.2 273.4 273.7 273.9 273.9 273.9 273.9 273.9 273.9 274.1 274.2 274.1 274.1 274.2 274.2 274.3 274.4 274.7 275.3 275.6 276 276.7 277.6 278.2 278.8 279.2 279.6 280.1 281.2 282.5 283.7 285 285.8 286.5
258.2 259.1 260.1 260.8 261.4 262.1 262.8 263.5 264.2 264.8 265.5 266 266.1 266.1 266.2 266.2 266.1 265.9 265.8 265.3 264.8 264.3 263.7 263 263 263.7 264.1 264.2 264.5 265.6 266.8 267.5 267.3 267 267.2 267.9 268.8 269.3 269.5 269.7 270 270.4 270.6 271 271.4 271.7 272 272.2 272.2 272.2 272.1 272.1 272 271.7 271.5 271.6 271.7 271.8 271.9 272 272.3 272.9 273.4 273.8 274.9 275.9 276.8 277.7 278.5 279.3 280.1 281.4 282.7 283.8 284.7 285.5 286.1
258.4 259.3 260.3 260.9 261.5 262 262.7 263.5 264 264.6 265.1 265.6 265.7 265.6 265.6 265.4 265 264.6 264 263.3 262.6 261.8 261 260.4 260.5 260.9 261.2 261.4 261.9 263 264.2 264.9 264.8 264.3 264.6 265.5 266.1 266.4 266.6 266.7 266.9 267.3 267.8 268.4 268.9 269.3 269.6 269.7 269.9 270.1 270 269.9 269.4 268.8 268.6 269 269.5 269.9 270.2 270.6 271.2 272.1 272.8 273.6 274.7 275.9 276.9 278 279.2 280.1 281 282.1 283.3 284.1 284.7 285.4 286.2
258.5 259.4 260.3 261 261.5 261.9 262.6 263.3 263.9 264.4 264.8 265 265.1 265 264.8 264.4 263.7 263.1 262.1 261 260 258.9 257.6 256.9 256.8 257 257.4 258.5 259.8 261 261.7 262 261.6 261.2 261.6 262.6 263 263.1 263.2 263.2 263.3 263.6 264.1 264.6 265.3 266 266.4 266.7 267 267.4 267.4 267.1 266.7 266.2 266.3 267.2 268.2 269.1 270 270.9 271.7 273 274.2 275.1 276.2 277.2 278.2 279.3 280.3 281.2 282 283 284.1 284.8 285.3 285.9 286.7
258.4 259.1 260 260.8 261.3 261.7 262.3 262.9 263.4 263.9 264.1 264.3 264.1 263.9 263.7 263 262.2 261.2 260 258.5 257.2 255.6 254 252.9 252.5 252.6 253.7 255.6 257.8 258.9 259.2 258.7 258.1 257.7 258.2 259 259.3 259.3 259.5 259.4 259.3 259.5 259.6 260.1 261 262.1 263 263.6 264 264.4 264.4 264.5 264.7 265.1 266 267.3 268.6 269.8 271.1 272.2 273.2 274.5 275.7 276.8 277.7 278.7 279.7 280.6 281.5 282.3 283.1 284 284.9 285.5 285.9 286.5 287.4
258.1 258.7 259.4 260.3 260.9 261.4 261.8 262.2 262.6 263.1 263.4 263.3 263 262.7 262.3 261.5 260.4 259.2 257.6 255.9 254.1 252.2 250.4 249.3 248.9 249.6 251.3 253.6 255.4 256.1 255.9 255 254.1 253.8 254.3 254.8 255 254.9 254.9 255 255.1 255.2 255.2 255.5 256.7 258.1 259.3 260.3 260.8 261.2 261.9 263 264.4 266 267.6 268.9 270.1 271.3 272.6 273.7 274.7 275.8 276.9 277.9 278.9 280 281 281.8 282.5 283.3 284 284.6 285.3 285.9 286.4 287 288
257.9 258.4 259 259.5 260 260.6 261 261.3 261.7 262.2 262.3 262.1 261.5 260.9 260.2 259.2 258 256.7 255.3 253.3 251.1 248.7 246.7 245.8 246.1 247.6 249.8 251.8 252.6 252.5 251.6 250.3 249.2 249 249.4 249.7 249.7 249.7 250 250.7 251.4 251.9 251.9 252.3 253.3 254.6 256 257.1 258.2 259.2 260.9 263.3 265.8 268 269.4 270.5 271.5 272.7 273.9 274.9 275.8 276.7 277.7 278.9 280 281 281.9 282.5 283 283.7 284.4 284.9 285.5 286.2 286.8 287.5 288.2
257.8 258.3 258.6 258.8 259.1 259.7 260.3 260.7 260.8 260.7 260.3 259.5 258.5 257.8 257 255.8 254.4 253.1 251.7 249.7 247.1 244.4 242.5 241.9 242.8 245 247.3 248.7 248.6 247.7 246.4 244.9 244 244.1 244.6 245 245.2 245.7 246.7 248.2 249.7 250.7 251.1 251.5 252.1 253.1 254.2 255.5 257.1 259.1 261.7 264.7 267.4 269.3 270.3 271 271.9 273.2 274.6 275.8 276.5 277.3 278.4 279.6 280.7 281.5 282.2 282.5 282.8 283.5 284.4 284.9 285.5 286.4 287.1 287.8 288.6
257.4 257.9 258.2 258.4 258.5 259 259.5 259.7 259 258.1 256.9 255.5 254.3 253.6 252.8 251.5 249.6 247.7 245.8 243.7 241.3 239 237.4 237.3 238.7 240.9 243 244 243.5 242.3 241.2 240.6 240.8 241.6 242.5 243.3 244.2 245.2 246.8 248.7 250.6 251.9 252.7 253.2 253.5 254.1 254.8 255.8 257.5 259.8 262.8 265.6 267.9 269.3 270 270.8 271.7 273 274.6 275.9 276.8 277.6 278.7 280 280.9 281.7 282.2 282.4 282.5 283.2 284.1 284.7 285.3 286.3 287.3 288.1 288.9
256.9 257.4 257.7 257.7 257.5 257.6 257.7 257.1 255.8 254.2 252.7 251 249.6 248.9 247.9 246 243.4 240.8 238.5 236.5 234.8 233.4 232.8 233.2 234.6 236.3 237.8 238.8 238.9 238.5 238.6 239.5 241.1 242.7 243.9 245.3 246.7 248.1 249.7 251.4 253.1 254.6 255.6 255.9 256.3 256.8 257.2 257.6 258.1 259.6 262.2 264.9 266.7 268 269.1 270.2 271.4 272.5 274 275.5 276.5 277.5 278.6 279.7 280.6 281.5 282 282.2 282.4 283 283.8 284.4 285.1 286.2 287.3 288.2 289.1
256.4 257 257.1 256.6 255.7 255.2 254.4 253.2 251.2 249.6 248 246 244.4 243.2 241.6 239 236.1 233.6 231.7 230.4 229.9 229.9 230.3 231.3 232.5 233.5 234.6 235.8 237 238 239.4 241.4 243.6 245.6 247.1 248.9 250.6 252.1 253.4 254.6 256 257.5 258.5 258.8 259.2 259.9 260.3 260.1 259.5 259.8 261.7 263.9 265.5 266.7 267.8 269.1 270.5 271.7 273.1 274.4 275.6 276.7 277.9 278.8 279.7 280.6 281.3 281.7 282.2 282.8 283.6 284.4 285.2 286.3 287.3 288.2 289.2
255.8 256.2 256 255 253.6 252.1 250.6 248.6 246.5 244.5 242.5 239.8 237.3 235.5 233.7 231.5 229.5 228.3 227.8 227.8 228.7 230.1 231.7 233 233.9 234.5 235.2 236.6 238.5 240.6 242.5 244.3 246.2 247.9 249.6 251.8 253.8 255.4 256.5 257.4 258.4 259.7 260.7 261.2 261.7 262.4 262.9 262.9 262.3 262.4 263.5 265 266.1 266.9 267.6 268.6 269.7 270.7 272 273.4 274.5 275.7 276.8 277.8 278.7 279.6 280.4 281.1 281.8 282.6 283.5 284.5 285.5 286.5 287.4 288.4 289.5
254.8 254.5 253.7 252.3 250.5 248.5 246.1 243.6 241 238.4 235.4 232.1 229.3 227.7 226.9 226.4 226.3 226.9 228.1 229.7 231.9 234.3 236.4 237.7 238.3 238.6 239 240.1 242.1 244.3 246.1 247.3 248.3 249.6 251.2 253.4 255.7 257.5 258.7 259.5 260.3 261.3 262.2 262.9 263.5 264.1 264.6 264.9 265.2 265.5 266.3 267 267.9 268.5 269.1 269.7 270.3 271 272 273.1 274.2 275.2 276.3 277.2 278.1 279 280 280.9 281.9 282.7 283.7 284.8 285.8 286.8 287.7 288.7 289.8
252.5 251.4 250 248.3 246.4 243.7 240.5 237.2 234.1 230.8 227.8 225.4 224.1 224 224.8 226.1 227.8 229.9 232.1 234.7 237.5 240.3 242.3 243.5 243.9 244 244 244.4 245.8 247.7 249.4 250.3 250.6 251.3 252.7 254.6 256.7 258.6 260.1 261.1 261.8 262.7 263.6 264.2 264.9 265.6 266.3 266.8 267.3 267.8 268.4 269.1 269.7 270.2 270.9 271.7 272.3 272.7 273.4 274.3 275 275.9 276.7 277.6 278.5 279.3 280.4 281.4 282.3 283.2 284.1 285.1 286.2 287.2 288.2 289.2 290.2
