flood_simulation/flood_simulation/data/CaddiesInput/etteln_demv5.asc
ncols         275
nrows         289
xllcorner     4232063.2114
yllcorner     3162220
cellsize      30
NODATA_value  -9999
[rows 170 to 203 of 289, columns 0 to 76 of 275]
-9999 -9999 -9999 -9999 -9999 -9999 -9999 -9999 -9999 -9999 -9999 -9999 -9999 -9999 -9999 -9999 -9999 -9999 -9999 -9999 -9999 -9999 -9999 -9999 -9999 -9999 -9999 -9999 -9999 -9999 -9999 -9999 -9999 -9999 -9999 -9999 -9999 -9999 -9999 302.9 301.9 300.4 298.8 296.8 293.9 291 288.6 285.7 282.8 279.9 277 273.5 269.8 266.3 262.9 259.4 255.5 250.8 246.4 242.7 239.8 239.5 242 246 251.2 257.4 263.5 268.8 272.9 275.9 277.7 279.6 281.7 283.8 285.7 286.8 287.2
-9999 -9999 -9999 -9999 -9999 -9999 -9999 -9999 -9999 -9999 -9999 -9999 -9999 -9999 -9999 -9999 -9999 -9999 -9999 -9999 -9999 -9999 -9999 -9999 -9999 -9999 -9999 -9999 -9999 -9999 -9999 -9999 -9999 299.1 299.2 300.1 301.7 302.9 303.2 302.8 301.7 300.1 298.2 295.9 292.9 290 287.1 283.6 280 276.7 273.4 269.5 265.7 262.3 259 255.4 251 246.4 243.1 241.2 240.7 242.9 247.2 252.3 257.9 263.5 268.3 272.4 275.6 277.8 279.4 281 283.3 286.1 288 288.6 288.2
-9999 -9999 -9999 -9999 -9999 -9999 -9999 -9999 -9999 -9999 -9999 -9999 -9999 -9999 -9999 -9999 -9999 -9999 -9999 -9999 -9999 -9999 -9999 -9999 -9999 -9999 -9999 -9999 -9999 -9999 -9999 -9999 299.4 298.1 298 299.1 300.7 301.8 302.2 302 300.9 299.4 297.3 294.5 291.6 289 285.7 281.5 277.1 273.2 269.3 265.2 261.4 258.3 255.2 251.4 247.1 243.6 241.9 242.2 244.2 248.1 253 258.2 263.5 268.2 272.3 275.7 278.2 279.9 281.3 282.7 285.1 288.3 290.8 290.7 289.7
-9999 -9999 -9999 -9999 -9999 -9999 -9999 -9999 -9999 -9999 -9999 -9999 -9999 -9999 -9999 -9999 -9999 -9999 -9999 -9999 -9999 -9999 -9999 -9999 -9999 -9999 -9999 -9999 -9999 -9999 -9999 -9999 299.5 297.4 297.2 298.7 300.2 300.7 300.8 300.4 299.3 297.8 295.8 293 290.1 287.1 283.3 278.5 273.5 269.1 264.6 260.2 256.6 253.8 251.2 248.4 245.4 243.3 243 245.3 249.4 254.2 258.9 263.5 267.7 271.4 275 278.1 280.1 281.5 283.1 284.6 286.6 290 292.8 293 -9999
-9999 -9999 -9999 -9999 -9999 -9999 -9999 -9999 -9999 -9999 -9999 -9999 -9999 -9999 -9999 -9999 -9999 -9999 -9999 -9999 -9999 -9999 -9999 -9999 -9999 -9999 -9999 -9999 -9999 -9999 -9999 -9999 299.7 297.6 297.6 299.1 300.4 300.4 299.8 298.8 297.3 295.7 293.4 290.7 287.5 284 279.5 273.9 268.6 263.9 259.6 255.6 252.6 250.4 248.6 247.3 246.4 245.6 246.2 249.7 255.2 260.1 263.9 267.6 271 274 277.4 280.1 281.4 282.7 284.7 286.2 287.4 290 292.9 -9999 -9999
-9999 -9999 -9999 -9999 -9999 -9999 -9999 -9999 -9999 -9999 -9999 -9999 -9999 -9999 -9999 -9999 -9999 -9999 -9999 -9999 -9999 -9999 -9999 -9999 -9999 -9999 -9999 -9999 -9999 -9999 -9999 300.4 299.5 298 298.1 299.8 301.3 301.3 300.1 298.6 296.6 294 291.2 287.8 284.1 280.1 275.1 268.7 262.7 258.3 255 252.2 250.4 249.1 248.6 248.9 249.9 250.3 251.2 254.8 260.2 264.8 267.7 270.6 273.3 275.9 279.1 281.7 282.7 283.7 285.8 287.2 287.7 289.3 291.5 -9999 -9999
-9999 -9999 -9999 -9999 -9999 -9999 -9999 -9999 -9999 -9999 -9999 -9999 -9999 -9999 -9999 -9999 -9999 -9999 -9999 -9999 -9999 -9999 -9999 -9999 -9999 -9999 -9999 -9999 -9999 -9999 -9999 299.8 298.8 298 298.4 299.9 301.5 301.9 300.6 298.8 296.3 293.1 289.3 285.3 280.5 275.9 270.2 263.5 257.4 253.6 251.8 250.9 250.6 250.8 251.4 252.9 254.9 256.1 257.1 259.7 264.5 268.6 271.3 273.5 275.5 277.8 280.8 283 283.9 284.6 286.2 287.5 287.8 -9999 -9999 -9999 -9999
-9999 -9999 -9999 -9999 -9999 -9999 -9999 -9999 -9999 -9999 -9999 -9999 -9999 -9999 -9999 -9999 -9999 -9999 -9999 -9999 -9999 -9999 -9999 -9999 -9999 -9999 -9999 -9999 -9999 -9999 -9999 299.2 298 297.6 298.1 298.8 300 300.3 299.2 297.1 294.3 290.5 286.9 282.7 277.6 271.8 265.5 258.9 253.6 251.5 251.7 253.1 254.4 255.9 257.4 259.1 260.7 261.6 262.4 264.5 268.3 272.3 274.8 276.5 278.4 280.6 282.9 284.5 285.3 285.7 286.5 287.2 287.3 -9999 -9999 -9999 -9999
-9999 -9999 -9999 -9999 -9999 -9999 -9999 -9999 -9999 -9999 -9999 -9999 -9999 -9999 -9999 -9999 -9999 -9999 -9999 -9999 -9999 -9999 -9999 -9999 -9999 -9999 -9999 -9999 -9999 -9999 300.5 298.8 297.3 297.2 297.1 296.7 297.2 297.4 296 293.6 290.5 286.9 283.2 279.7 274.7 268.4 261.2 255 252.2 252.6 255.5 258.4 260.6 262.7 264.6 265.9 266.6 266.9 267.5 269.2 272.2 275.5 277.9 279.5 281.4 283.6 285.2 286.3 286.9 287.1 287.5 287.9 287.6 -9999 -9999 -9999 -9999
-9999 -9999 -9999 -9999 -9999 -9999 -9999 -9999 -9999 -9999 -9999 -9999 -9999 -9999 -9999 -9999 -9999 -9999 -9999 -9999 -9999 -9999 -9999 -9999 -9999 -9999 -9999 -9999 -9999 -9999 300.7 298.5 296.7 296.2 295 293.8 293.7 293.7 292.1 289.3 286.1 282.2 278.2 274.8 270.8 264.5 257.6 253 252.8 255.9 260.5 264.2 266.4 268.3 270.2 271.3 271.7 271.8 272.6 273.8 275.8 278.3 280.6 282.4 284.4 286.4 287.5 288.4 288.7 288.8 289 289.1 288.8 -9999 -9999 -9999 -9999
-9999 -9999 -9999 -9999 -9999 -9999 -9999 -9999 -9999 -9999 -9999 -9999 -9999 -9999 -9999 -9999 -9999 -9999 -9999 -9999 -9999 -9999 -9999 -9999 -9999 -9999 -9999 -9999 -9999 301.7 300.5 297.7 295.6 294.5 292.5 290.8 290.1 289.4 287.6 284.4 280.6 276.1 271.4 268.2 264.9 260.1 255 252.8 254.8 259.5 265.1 268.8 271 272.7 274.2 274.9 275.3 275.8 276.6 277.5 278.9 280.8 283.2 285.5 287.5 289.2 290.3 290.7 290.9 290.6 290.4 290.3 -9999 -9999 -9999 -9999 -9999
-9999 -9999 -9999 -9999 -9999 -9999 -9999 -9999 -9999 -9999 -9999 -9999 -9999 -9999 -9999 -9999 -9999 -9999 -9999 -9999 -9999 -9999 -9999 -9999 -9999 -9999 -9999 301.6 301.6 301.4 299.7 296.8 294.7 293.1 290.9 288.9 287.2 285.5 283.2 279.4 274.9 270 265.2 262 259.3 256.3 254.2 254.8 258.3 263.6 269 272.9 274.9 276.3 277.3 277.7 278 278.5 279.1 280 281.6 283.8 286.4 288.9 290.9 292.8 293.6 293.5 293.1 292.7 292 -9999 -9999 -9999 -9999 -9999 -9999
-9999 -9999 -9999 -9999 -9999 -9999 -9999 -9999 -9999 -9999 -9999 -9999 -9999 -9999 -9999 -9999 -9999 -9999 -9999 -9999 -9999 -9999 -9999 -9999 -9999 -9999 -9999 301.5 301.1 300.4 298.5 295.6 293.8 292 289.7 287.1 284.5 281.7 279.1 275.2 270.6 266.1 261.9 258.5 256.1 254.9 256 259.2 263.5 268.3 273 276.3 278.1 279.2 279.9 280.3 280.6 281.2 281.7 283 285.2 288.1 290.6 292.4 294.2 296.2 297.1 296.3 295.4 294.7 -9999 -9999 -9999 -9999 -9999 -9999 -9999
-9999 -9999 -9999 -9999 -9999 -9999 -9999 -9999 -9999 -9999 -9999 -9999 -9999 -9999 -9999 -9999 -9999 -9999 -9999 -9999 -9999 -9999 -9999 -9999 -9999 -9999 302 301.5 300.7 299.6 297.1 294 291.6 289.5 286.5 283.5 280.1 276.9 274.4 271.3 267.6 264.1 260.5 257.6 256.1 256.8 260.2 264.9 269.3 273.1 276.6 279.3 280.8 281.8 282.3 282.7 283.1 284 285.3 287.2 289.8 292.2 294.1 295.2 296.3 298.4 299.2 298.4 297.4 -9999 -9999 -9999 -9999 -9999 -9999 -9999 -9999
-9999 -9999 -9999 -9999 -9999 -9999 -9999 -9999 -9999 -9999 -9999 -9999 -9999 -9999 -9999 -9999 -9999 -9999 -9999 -9999 -9999 -9999 -9999 -9999 -9999 -9999 -9999 300.8 300 298.5 295.1 291.1 287.9 284.8 281.3 277.9 274.4 271.1 269.3 267.5 265.1 262.4 260 258.5 258.6 260.9 265.5 270.5 274.3 276.9 279.6 281.9 283.4 284.2 284.6 285 285.8 287 289.1 291.4 293.5 295 295.9 296.5 297.6 299.2 300 299.5 -9999 -9999 -9999 -9999 -9999 -9999 -9999 -9999 -9999
-9999 -9999 -9999 -9999 -9999 -9999 -9999 -9999 -9999 -9999 -9999 -9999 -9999 -9999 -9999 -9999 -9999 -9999 -9999 -9999 -9999 -9999 -9999 -9999 -9999 -9999 -9999 299.7 298.8 296.7 292.4 287.5 283.5 279.7 276 272.6 269.1 266.4 265 264.2 262.9 261.6 260.7 260.7 262.1 265.5 270.4 275.4 278.4 280 282 284.3 285.9 287 287.7 288.6 289.7 291 292.7 294.8 296.4 297.1 297.5 298.1 299.1 300.2 300.5 -9999 -9999 -9999 -9999 -9999 -9999 -9999 -9999 -9999 -9999
-9999 -9999 -9999 -9999 -9999 -9999 -9999 -9999 -9999 -9999 -9999 -9999 -9999 -9999 -9999 -9999 -9999 -9999 -9999 -9999 -9999 -9999 -9999 -9999 -9999 -9999 -9999 299.1 297.6 294.3 289.2 283.9 279.6 275.4 271.8 268.7 265.9 263.7 262.8 262.6 262.3 262.5 263.1 264 265.9 269.6 274.6 279.5 282.2 283.3 285.1 287.7 289.6 290.9 291.9 293.3 294.6 295.3 296 297 298.3 299.1 299.5 299.9 300.6 301.3 -9999 -9999 -9999 -9999 -9999 -9999 -9999 -9999 -9999 -9999 -9999
-9999 -9999 -9999 -9999 -9999 -9999 -9999 -9999 -9999 -9999 -9999 -9999 -9999 -9999 -9999 -9999 -9999 -9999 -9999 -9999 -9999 -9999 -9999 -9999 -9999 -9999 298.5 298.3 295.9 291.5 285.7 280.5 276.1 272 268.5 266.1 264.4 263.4 263.5 263.9 264.5 265.7 266.9 268 269.7 273.1 277.9 282.7 285.5 286.8 288.8 291.6 293.7 294.8 295.5 297 298.2 298.5 298.4 298.9 299.7 300.5 301.1 301.3 301.6 302.1 -9999 -9999 -9999 -9999 -9999 -9999 -9999 -9999 -9999 -9999 -9999
-9999 -9999 -9999 -9999 -9999 -9999 -9999 -9999 -9999 -9999 -9999 -9999 -9999 -9999 -9999 -9999 -9999 -9999 -9999 -9999 -9999 -9999 -9999 -9999 -9999 298.2 298.2 296.8 293.2 287.8 282.1 277.4 273.3 269.5 266.6 265.2 265 265.6 266.7 267.8 269 270.4 271.7 272.4 273.5 276.4 281 285.5 288.7 289.9 291.5 294 296.2 297.2 297.6 298.8 299.9 300 300.4 300.9 301.3 301.5 302.3 302.9 303 303.4 -9999 -9999 -9999 -9999 -9999 -9999 -9999 -9999 -9999 -9999 -9999
-9999 -9999 -9999 -9999 -9999 -9999 -9999 -9999 -9999 -9999 -9999 -9999 -9999 -9999 -9999 -9999 -9999 -9999 -9999 -9999 -9999 -9999 301.3 -9999 299.6 298.6 297.3 294.4 289.9 284.2 279 274.7 271.1 268 266.4 266.6 268.1 269.8 271.7 273.1 274.3 275.8 276.8 277.1 277.4 279.7 284 288.6 291.8 292.9 293.4 294.7 296.7 298.2 299.1 299.9 300.4 300.9 301.8 303 303 302.9 303.6 304.4 304.8 305.1 -9999 -9999 -9999 -9999 -9999 -9999 -9999 -9999 -9999 -9999 -9999
-9999 -9999 -9999 -9999 -9999 -9999 -9999 -9999 -9999 -9999 -9999 -9999 -9999 -9999 -9999 -9999 -9999 -9999 -9999 -9999 -9999 301.5 300.8 300.2 299.8 298.7 296 291.9 286.8 281.5 276.8 272.9 269.6 267.6 267.4 269.2 272 275.2 277.8 279.6 280.6 281.7 282.5 282.1 281.2 282.5 286 290.1 293.3 294.9 295 294.8 296 298.2 299.9 300.9 301.2 301.8 303.3 304.5 304.6 304.4 304.9 305.5 305.9 306.8 -9999 -9999 -9999 -9999 -9999 -9999 -9999 -9999 -9999 -9999 -9999
-9999 -9999 -9999 -9999 -9999 -9999 -9999 -9999 -9999 -9999 -9999 -9999 -9999 -9999 -9999 -9999 -9999 -9999 -9999 -9999 -9999 301.3 300.1 300.2 300.5 299.2 295.1 289.9 284.7 279.7 275.4 271.6 269.2 268.2 269.4 272.4 276.8 281 284.4 286.2 287.1 287.7 288.2 287.1 285 284.9 287.3 290.3 293.2 295.4 295.9 295 295.1 297.2 300 301.8 302.5 303.3 304.7 305.6 305.8 305.8 305.7 305.7 306.6 307.9 -9999 -9999 -9999 -9999 -9999 -9999 -9999 -9999 -9999 -9999 -9999
-9999 -9999 -9999 -9999 -9999 -9999 -9999 -9999 -9999 -9999 -9999 -9999 -9999 -9999 -9999 -9999 -9999 -9999 -9999 -9999 303.3 301.2 299.7 300.5 301.6 299.5 294.3 288.4 283.1 278.2 274 271.2 270 270.6 273 277.7 282.9 287.6 290.6 292 292.3 292.6 292.8 291.2 288.6 287.9 289.4 291.4 293.4 295.5 296.7 295.8 294.9 296.5 299.6 302.3 303.6 304.5 305.7 306.2 306.6 306.5 306.1 306 306.9 308.3 -9999 -9999 -9999 -9999 -9999 -9999 -9999 -9999 -9999 -9999 -9999
-9999 -9999 -9999 -9999 -9999 -9999 -9999 -9999 -9999 -9999 -9999 -9999 -9999 -9999 -9999 -9999 -9999 -9999 -9999 -9999 304.1 301.5 300.2 301.5 302 298.7 292.3 286.4 281.2 276.5 273.1 271.4 272 274.2 278.4 284.1 289.7 293.3 295.4 296.1 296.1 296.1 295.9 294.1 291.7 290.9 292.1 293.4 294.5 296.5 298.2 297.7 296.3 296.8 299.4 302.3 304.4 305.5 306.2 306.7 307 306.9 306.7 306.6 307.6 308.4 -9999 -9999 -9999 -9999 -9999 -9999 -9999 -9999 -9999 -9999 -9999
-9999 -9999 -9999 -9999 -9999 -9999 -9999 -9999 -9999 -9999 -9999 -9999 -9999 -9999 -9999 -9999 -9999 -9999 -9999 -9999 304.4 302.3 301.6 302.8 301.9 296.9 289.9 284.4 279.7 275.4 272.8 272.6 274.4 278.3 283.7 289.9 294.5 297 298.1 298.7 298.7 298.5 298.1 296.6 294.6 294 294.6 295.5 296.3 298.2 300.3 300 298 298.1 300.1 302.6 304.9 306.3 307 307.3 307.4 307.4 307.2 307.4 308.1 308.8 -9999 -9999 -9999 -9999 -9999 -9999 -9999 -9999 -9999 -9999 -9999
-9999 -9999 -9999 -9999 -9999 -9999 -9999 -9999 -9999 -9999 -9999 -9999 -9999 -9999 -9999 -9999 -9999 -9999 -9999 -9999 304.7 303.3 303.3 303.8 301.3 295.5 289 284.3 279.6 275.4 273.3 273.5 276.2 281.3 287.9 294 297.7 299.2 299.8 300.1 300.2 300.1 299.8 299 297.8 297.2 297.2 297.4 298.1 299.7 301.7 301.5 299.8 299.6 301.1 302.9 305.1 306.9 307.9 308.1 307.8 307.9 308.1 308.4 308.9 309 -9999 -9999 -9999 -9999 -9999 -9999 -9999 -9999 -9999 -9999 -9999
-9999 -9999 -9999 -9999 -9999 -9999 -9999 -9999 -9999 -9999 -9999 -9999 -9999 -9999 -9999 -9999 -9999 -9999 -9999 -9999 305.3 304.5 304.5 303.7 300.5 295.3 290.2 285.6 280.6 275.8 273.3 273.6 277.2 283.5 290.7 296.7 299.8 300.9 301.2 301.4 301.4 301.3 301.2 300.9 300.4 300 299.5 299.2 299.4 300.5 302.2 302.9 302.2 302.2 302.3 303.3 305.1 307.1 308.4 308.5 308 308.4 309.2 309.9 310.2 -9999 -9999 -9999 -9999 -9999 -9999 -9999 -9999 -9999 -9999 -9999 -9999
-9999 -9999 -9999 -9999 -9999 -9999 -9999 -9999 -9999 -9999 -9999 -9999 -9999 -9999 -9999 -9999 -9999 -9999 -9999 -9999 305.8 305.4 304.8 303 299.7 296.1 292.2 287.5 281.6 276.2 273.1 273.4 277.7 284.9 292.8 298.7 301.6 302.4 302.6 302.8 302.8 302.8 302.7 302.6 302.3 301.9 301.4 300.7 300.4 300.7 302.4 304.3 305.6 305.6 304.9 304.5 305.6 307.2 308.3 308.4 308.3 308.9 310.1 310.8 -9999 -9999 -9999 -9999 -9999 -9999 -9999 -9999 -9999 -9999 -9999 -9999 -9999
-9999 -9999 -9999 -9999 -9999 -9999 -9999 -9999 -9999 -9999 -9999 -9999 -9999 -9999 -9999 -9999 -9999 -9999 -9999 -9999 -9999 306.1 304.9 302.6 299.6 296.9 293.7 288.7 282.6 276.9 273.4 273.5 278 285.8 293.8 299.9 302.9 303.7 304 304.1 304.2 304.2 304.2 304.1 303.8 303.4 302.8 302.1 301.5 301.3 302.3 304.9 307.4 309.1 308.7 308.2 308.1 308.7 308.6 308.3 308.6 309.5 310.3 -9999 -9999 -9999 -9999 -9999 -9999 -9999 -9999 -9999 -9999 -9999 -9999 -9999 -9999
-9999 -9999 -9999 -9999 -9999 -9999 -9999 -9999 -9999 -9999 -9999 -9999 -9999 -9999 -9999 -9999 -9999 -9999 -9999 -9999 -9999 306.9 305.5 303.3 300.4 297.6 294.1 289.4 283.6 278.2 274.5 274.5 278.8 286.1 294.1 300.6 303.9 305 305.1 305.2 305.2 305.4 305.5 305.4 305.2 304.7 304.2 303.6 302.9 302.5 302.8 304.3 307 309.7 311.4 311.9 312.1 311.8 310.9 309.9 310.1 310.5 310.6 -9999 -9999 -9999 -9999 -9999 -9999 -9999 -9999 -9999 -9999 -9999 -9999 -9999 -9999
-9999 -9999 -9999 -9999 -9999 -9999 -9999 -9999 -9999 -9999 -9999 -9999 -9999 -9999 -9999 -9999 -9999 -9999 -9999 -9999 -9999 307.6 306.4 304.6 301.6 298.1 294.5 290.2 285 279.8 276.2 275.8 279.5 286.2 294.2 301.1 304.8 305.9 306.1 306.2 306.2 306.3 306.4 306.4 306.2 305.8 305.2 304.8 304.3 303.8 303.5 303.9 305.2 307.3 309.5 311.3 312.3 312.8 312.4 311.8 311.9 312 -9999 -9999 -9999 -9999 -9999 -9999 -9999 -9999 -9999 -9999 -9999 -9999 -9999 -9999 -9999
-9999 -9999 -9999 -9999 -9999 -9999 -9999 -9999 -9999 -9999 -9999 -9999 -9999 -9999 -9999 -9999 -9999 -9999 -9999 -9999 -9999 308 307.3 305.7 302.6 298.6 295.1 291.6 286.7 281.3 277.6 276.9 279.8 286 294.6 301.9 305.6 306.6 306.9 307.1 307.2 307.2 307.3 307.2 307 306.4 305.8 305.4 305.2 304.8 304.4 304.2 304.4 305 306.1 307.3 308.4 309.5 310.1 310.4 311 311.4 311 -9999 -9999 -9999 -9999 -9999 -9999 -9999 -9999 -9999 -9999 -9999 -9999 -9999 -9999
-9999 -9999 -9999 -9999 -9999 -9999 -9999 -9999 -9999 -9999 -9999 -9999 -9999 -9999 -9999 -9999 -9999 -9999 -9999 -9999 -9999 -9999 308.6 307.4 304.3 300 296.5 293.6 289 283.2 279.1 277.9 280.1 286.3 294.9 302.5 306.2 307.2 307.6 307.9 308.2 308.3 308.3 308.3 307.9 307.2 306.4 305.9 305.6 305.4 305.2 305 304.6 304.4 304.5 304.7 305.2 305.9 306.5 307 307.8 309 310 -9999 -9999 -9999 -9999 -9999 -9999 -9999 -9999 -9999 -9999 -9999 -9999 -9999 -9999
-9999 -9999 -9999 -9999 -9999 -9999 -9999 -9999 -9999 -9999 -9999 -9999 -9999 -9999 -9999 -9999 -9999 -9999 -9999 -9999 -9999 -9999 309.8 309 306.5 302.2 298.5 295.8 291.3 285.1 280.7 279.2 281.1 287 295.4 302.7 306.4 307.8 308.5 308.9 309.2 309.4 309.4 309.3 309.1 308.4 307.4 306.6 306.2 305.9 305.8 305.5 305.1 304.7 304.5 304.4 304.5 304.9 305.2 305.5 306.1 307.6 -9999 -9999 -9999 -9999 -9999 -9999 -9999 -9999 -9999 -9999 -9999 -9999 -9999 -9999 -9999
