flood_simulation/flood_simulation/data/CaddiesInput/etteln_demv5.asc
ncols         275
nrows         289
xllcorner     4232063.2114
yllcorner     3162220
cellsize      30
NODATA_value  -9999
[rows 34 to 67 of 289, columns 77 to 153 of 275]
-9999 -9999 -9999 -9999 -9999 -9999 -9999 221.8 221.2 219.7 218 216.6 215.2 212.9 209.4 204.8 199.1 193.4 188.2 183.5 179.5 176.3 173.6 171.3 169.2 166.8 164.6 162.7 161.3 160.5 160.1 159.7 159.5 159.6 160.7 163.4 167.5 173.8 181.5 188.6 194.3 198.2 201.1 203.3 204.5 204.8 204.8 204.9 205.2 205.8 206.7 208 210 212.8 216.1 219.6 222.8 225.5 227.8 229.7 231 232.1 233.2 234.1 234.5 234.5 234.2 233.6 232.6 231.1 229.5 227.3 225 222.7 219.9 217.3 215.8
-9999 -9999 -9999 -9999 -9999 -9999 -9999 222.3 221.8 220.1 218 215.9 213.1 208.4 202.4 195.9 189.8 184.5 180.2 176.4 172.9 170.3 168.4 167 165.5 163.9 162.5 161.4 160.7 160.3 160.1 159.9 159.8 160.2 162.2 165.5 170.2 176.7 184.2 190.6 195.3 198.9 201.9 204.4 205.7 206.1 205.9 206 206 206.2 206.6 207.4 209 211.5 214.6 218 221.4 224.4 227.2 229.4 231.3 232.9 234.4 235.6 236.4 236.9 236.9 236.8 236.5 235.8 234.8 233.5 232.2 230.8 228.8 226.5 225.1
-9999 -9999 -9999 222.3 221.8 221.5 221.7 221.9 221.1 219.4 217.1 214.4 209.7 202.8 195.1 188.3 182.8 178.7 175.2 172 169 166.8 165.6 164.7 163.7 162.6 161.9 161.4 160.7 160.3 160.2 160 160 161 163.5 167.3 171.8 177.5 183.9 189.5 193.6 197.2 200.5 203.4 205.3 205.5 205.3 205.5 205.9 205.8 206 206.5 207.9 210.1 213 216.3 219.8 223.3 226.6 229.2 231.2 233.1 234.9 236.5 237.4 237.9 238.1 238.2 238.5 238.5 238.2 237.6 237.2 236.9 235.7 234.4 233.5
-9999 -9999 223.1 222.5 222 221.6 221.3 220.8 219.5 217.5 215 211.3 205.1 197.1 189.6 183.4 178.7 175 171.9 169.2 167 165.4 164.7 164.1 163.2 162.3 161.9 161.4 160.8 160.3 160.2 160.1 160.3 161.7 164.4 167.7 171.4 175.7 180.7 185.1 189.2 192.9 196.6 200 202.3 203 203 203.6 204.2 204.3 204.4 205.1 206.4 208.4 211.1 214.3 218.1 222.1 225.9 228.8 231.1 233.1 235.2 236.9 238 238.7 239.2 239.6 240.1 240.6 240.7 240.8 241 241.1 240.7 240 239.6
-9999 224 223.3 222.5 222 221.4 220.7 219.4 217.4 214.8 211.5 206.6 199.5 191.7 185.2 180.1 176 172.5 169.7 167.7 166.4 165.5 165 164.5 163.5 162.5 161.9 161.4 160.8 160.3 160.1 160.2 160.8 162.4 164.9 167.6 170.3 173.2 176.6 180.2 183.8 187.4 191.1 194.7 197.6 198.8 199.5 200.3 201.2 201.5 201.9 203 204.6 206.6 209.3 212.4 216.3 220.5 224.7 228.2 230.9 233.1 235.2 237 238.2 239.2 240.1 240.7 241.4 242 242.6 243 243.5 243.9 243.9 243.9 243.8
224.5 224 223.2 222.4 221.6 220.7 219.6 217.8 215.2 211.8 207.5 201.6 194.2 187.2 182 177.8 174.1 171 168.6 167.2 166.5 166 165.7 165.2 164.1 162.7 161.9 161.3 161.1 160.6 160.2 160.2 161.1 163 165.4 167.9 170.5 172.9 175.3 177.9 180.5 183.3 186.2 189.2 191.8 193.7 194.9 196.3 197.4 198.3 199.5 201.1 203.1 205.3 208 211.3 215.1 219.4 223.8 227.7 230.8 233.2 235.3 237 238.3 239.4 240.4 241.2 241.9 242.7 243.5 244.2 245 245.7 246.1 246.6 246.9
224.3 223.8 222.9 221.9 220.8 219.6 218.1 215.9 212.7 208.6 203.4 197.2 190.1 184.1 179.7 176.1 173 170.2 168.2 167.1 166.6 166.5 166.3 165.7 164.3 162.7 161.8 161.7 161.7 161.2 160.4 160.3 161.2 162.8 165 167.9 171.1 174 176.7 179.1 181.2 183 184.7 186.4 188.2 189.9 191.6 193.3 195.1 196.8 198.7 200.8 202.7 205.1 208 211.2 215 219.2 223.6 227.6 231 233.6 235.7 237.4 238.7 239.7 240.6 241.4 242.2 243 243.9 244.8 245.9 246.9 247.7 248.5 249.1
223.9 223.3 222.2 221 219.6 218 216.1 213.6 209.9 205 199.4 193.1 186.7 181.4 177.7 174.6 171.8 169.4 167.8 166.9 166.4 166.2 166.1 165.3 163.7 162 161.3 161.4 161.8 161.5 160.9 160.6 161.1 161.9 163.5 166.3 170 173.9 178 181.8 184.7 186.4 187.3 188 189 190.5 192.1 194 195.9 198 200.3 202.3 204 205.9 208.4 211.4 215.2 219.8 224.1 228 231.4 234.2 236.4 238.1 239.3 240.1 240.7 241.6 242.4 243.3 244.2 245.4 246.6 247.8 248.7 249.7 250.6
223.3 222.5 221.2 219.7 217.9 215.8 213.5 210.5 206.3 200.8 195 189.2 183.5 178.8 175.5 172.9 170.6 168.6 167.4 166.6 165.9 165.4 165.1 164.3 162.7 161.2 160.5 160.8 161.2 161.4 161 160.8 160.9 161.3 162.2 164.4 167.6 171.8 177.1 182.8 187.5 190.2 191.4 192 193.1 194.4 195.9 197.4 199 200.9 203.1 205 206.1 207.4 209.2 211.8 215.8 220.6 225.1 229 232 234.7 236.9 238.8 239.8 240.4 240.9 241.7 242.7 243.7 244.7 245.9 247.3 248.5 249.6 250.6 251.7
222.4 221.4 219.9 218 215.8 213.1 209.9 205.9 201.1 195.6 190.3 185.3 180.6 176.6 173.6 171.4 169.6 168.2 167.4 166.4 165.4 164.8 164.3 163.4 162.1 160.8 160.4 160.5 161.1 161.3 161.1 160.8 160.8 161.3 162.2 163.9 166 169.5 174.9 181.6 188 192.6 195.2 196.7 198 199.3 200.4 201.5 202.8 204.3 206.2 207.8 208.8 209.6 210.8 213 216.6 221.4 226 230 233 235.4 237.5 239.2 240.2 240.7 241.3 242.1 243.1 244.2 245.3 246.6 248 249.4 250.5 251.5 252.6
221.2 219.9 218.1 216 213.2 209.6 205.3 200.3 195.1 190.1 185.7 181.9 178.2 174.9 172.5 170.8 169.4 168.2 167.2 166 164.9 164.3 163.8 162.9 161.9 161 160.7 161.1 161.7 162 161.5 160.8 160.9 161.7 163 164.2 165.7 168.3 173 179.6 187.1 193.8 198.2 200.8 202.6 203.8 204.8 205.7 206.9 208.1 209.7 211 211.9 212.6 213.5 214.9 217.5 221.4 225.9 230.2 233.6 236.3 238.2 239.7 240.4 240.8 241.4 242.4 243.5 244.7 245.9 247.1 248.6 250.1 251.3 252.3 253.4
220.1 218.4 216.4 213.6 209.8 205.4 200.5 195.2 190 185.7 182.3 179.5 176.7 174.2 172.4 171.1 169.7 168.4 166.9 165.4 164.6 164.2 163.6 162.7 161.7 161 161 161.5 162.2 162.6 162.2 161.4 161.4 162.4 163.7 165.1 166.3 168.2 171.9 177.9 185.6 193.5 199.7 203.9 206.4 207.9 208.7 209.8 210.9 212 213.4 214.6 215.5 216.2 216.9 217.6 219 221.4 225 229.1 233.3 236.6 238.8 239.9 240.4 240.8 241.5 242.6 244 245.2 246.4 247.7 249.2 250.7 251.9 253 254.2
219 217 214.5 211 206.3 201.1 196.1 191.2 186.8 183.2 180.7 178.7 176.6 174.5 172.9 171.6 170.2 168.7 167 165.6 165.1 164.6 163.8 162.9 161.9 161.2 161.2 161.6 162.1 162.7 162.7 162.2 162.3 163.3 164.7 166 167.3 168.8 171.8 177.1 184.4 192.4 199.8 205.6 209.2 210.8 212 213.3 214.4 215.4 216.8 218.1 219.1 219.9 220.5 221 221.6 222.8 224.9 228.2 232.2 235.8 238.3 239.5 240.1 240.7 241.6 242.8 244.3 245.7 247 248.4 249.9 251.1 252.1 253.3 254.7
217.4 215 212.2 208.3 203.2 197.7 192.7 188.3 184.7 182.2 180.6 179.3 177.7 175.7 173.7 172 170.5 169 167.5 166.5 166.2 165.7 164.8 163.7 162.5 161.6 161.7 162 162.3 162.9 163.2 162.9 163.2 164.3 165.5 166.9 168.1 169.7 172.3 176.9 183.6 191.1 199 206.6 211.5 213.6 214.9 216.5 217.7 218.6 220 221.5 222.5 223.2 223.9 224.4 225 225.6 226.7 228.6 231.4 234.4 236.8 238.3 239.3 240.3 241.4 242.8 244.6 246.2 247.5 248.9 250.3 251.5 252.3 253.6 255.1
214.6 211.8 208.8 205.1 200.3 195 190.2 186.3 184 182.9 182.5 181.9 180.3 178 175.5 173.3 171.3 169.7 168.4 167.7 167.6 167.1 166.1 164.8 163.2 162.1 162 162.4 162.7 163.3 163.6 163.5 163.9 165.1 166.3 167.5 168.8 170.5 173 177.1 182.9 189.8 198.2 207.2 213.6 216.3 218 219.5 220.7 221.6 223 224.5 225.5 226 226.7 227.4 228.2 229 229.5 230.2 231.5 233.4 235.5 237.1 238.5 240 241.5 243.3 245.5 247.3 248.4 249.5 250.8 252 253 254.3 255.7
210.9 207.7 204.7 201.2 196.9 192.4 188.3 185.6 184.9 185.7 186.6 186.3 184.4 181.2 178 175.3 173.3 171.4 170.1 169.4 169.2 168.5 167.5 166.1 164.1 162.4 162 162.3 162.6 163.2 163.7 163.7 164.2 165.4 166.7 168 169.5 171.5 173.9 177.5 182.7 189.4 197.6 207.1 214.3 218.3 220.4 222 223.2 224.1 225.3 226.6 227.4 227.9 228.7 229.9 230.8 231.6 232.1 232.3 232.6 233.7 235.3 237 238.5 240.4 242.2 244.3 246.7 248.4 249.3 250.2 251.3 252.6 253.8 255.1 256.3
207.7 204.4 201.4 197.9 194 190.3 187.4 186.4 187.7 190.3 192 191.6 189 184.9 180.9 178 175.8 174.1 172.6 171.8 171.1 170.3 169.2 167.7 165.5 163.3 162.3 162.2 162.4 162.9 163.5 163.6 164 165.4 167 168.4 170 171.8 174.6 178 183.2 189.6 197.1 205.6 213.5 218.7 221.8 223.5 224.9 225.9 226.9 228 228.6 229.1 230.1 231.3 232.4 233.3 233.8 234 234.4 235.2 236.5 238 239.6 241.5 243.3 245.2 247.2 248.6 249.5 250.5 251.7 252.9 254.1 255.4 256.7
206.6 203.7 200.6 196.9 192.8 189.5 187.8 188.4 191.4 195.2 197.4 196.9 193.9 189.4 185.1 182 179.7 177.5 175.8 174.6 173.7 172.7 171.5 169.8 167.3 164.8 163.2 162.7 162.4 162.6 163.1 163.4 163.9 165.3 167 168.6 169.9 171.6 174.3 178.1 183.4 190.1 196.8 204.5 212.4 218.7 222.2 224.1 225.8 227.2 228.2 229.1 229.6 230.2 231.1 232.2 233.2 234.1 234.7 235.4 236.2 237.1 238.2 239.6 241 242.6 244.2 245.8 247.4 248.7 249.7 250.8 252 253.2 254.4 255.8 257
208.3 205.8 202.5 198 193.4 190.2 189.3 191 195.2 199.7 202 201.4 198.5 194.5 190.4 187.5 184.9 182.4 180.2 178.7 177.5 176.1 174.3 172 169.1 166.2 164.2 163.2 162.6 162.6 163.1 163.6 164.2 165.3 166.9 168.3 169.4 171.1 173.9 177.9 183.8 191.1 197.9 204.6 212.1 218.7 222.7 224.6 226.4 228 229 229.8 230.5 231 231.8 232.7 233.6 234.5 235.4 236.4 237.6 238.6 239.7 241 242.2 243.5 244.8 246.2 247.7 249 250.2 251.2 252.4 253.6 254.7 256 257.3
211.7 209.1 205.2 199.8 194.6 191.6 191.4 194.1 198.8 203.4 205.6 205 202.6 199.4 196.4 194.1 191.6 188.5 185.6 183.5 181.8 179.8 177.4 174.5 171.1 167.7 165 163.7 163 162.8 163.4 164.2 164.7 165.5 166.7 167.8 168.9 170.6 173.4 177.5 183.6 191.4 198.5 204.9 211.5 218.4 223.1 225.5 227.1 228.5 229.4 230.2 230.9 231.6 232.3 233.1 233.9 234.9 236.1 237.3 238.6 239.7 240.8 242.1 243.2 244.2 245.4 246.6 248 249.2 250.4 251.5 252.8 253.9 254.8 256 257.1
214.9 211.9 207.2 200.8 195.5 193.3 194.1 197.7 202.5 206.6 208.3 207.6 205.6 203.4 201.6 200.2 197.9 194.4 190.9 188.2 185.9 183.4 180.5 177.3 173.6 169.5 166.1 164.2 163.3 163 163.5 164.4 164.9 165.4 166.3 167.2 168.2 170 172.8 176.7 182.3 189.7 197.2 203.8 210.5 217.2 222.4 225.1 227.1 228.7 229.7 230.5 231.3 232.1 232.8 233.6 234.5 235.8 236.9 238.1 239.4 240.5 241.7 243 244.1 245 246 247 248.2 249.4 250.5 251.7 253 254.1 255 255.9 257.1
216.8 213.4 207.7 200.7 196 195 197.1 201.4 206.3 209.6 210.7 209.8 208 206.3 205.2 204.4 202.5 199.3 195.6 192.5 189.9 187 183.8 180.5 176.5 171.6 167.1 164.5 163.5 163.1 163.4 164.1 164.6 165 165.6 166.3 167.3 169 171.7 175.5 180.6 187.2 194.6 202 209.2 215.7 220.5 223.6 226.3 228.6 230 230.9 231.9 232.8 233.6 234.5 235.7 237 238.1 238.9 240.1 241.3 242.6 243.8 244.9 245.8 246.5 247.3 248.5 249.7 250.8 251.8 253.1 254.2 255.1 256.1 257.2
216.9 212.7 206.5 199.8 196.3 196.8 200 205 209.8 212.5 213 212.1 210.6 209.1 208.2 207.6 206.3 203.7 200.2 196.8 193.6 190.3 186.6 183 178.9 173.5 168.3 165 163.7 163.3 163.4 163.6 164 164.5 165.1 165.7 166.6 168.1 170.5 174.1 179.1 185.1 192.2 199.7 207.5 214.3 219.1 222.7 225.8 228.5 230.2 231.4 232.5 233.6 234.6 235.7 236.9 238 238.8 239.6 240.6 242 243.1 244.4 245.5 246.3 247 247.7 248.8 250 251 252.1 253.3 254.3 255.3 256.3 257.3
214.4 209.9 204.2 199.1 197.6 199.3 203.1 208.1 212.6 214.9 215.2 214.3 212.9 211.6 210.8 210.1 209.3 207.5 204.4 200.6 196.7 192.5 188.3 184.3 180.1 175 169.6 165.7 163.9 163.4 163.3 163.3 163.5 164.2 164.9 165.7 166.6 167.8 169.7 172.9 177.7 183.8 190.4 197.6 205.3 212.7 218.4 222.7 226.1 228.7 230.6 231.7 233.1 234.4 235.5 236.6 237.6 238.5 239.3 239.9 240.8 242.1 243.5 244.7 245.8 246.6 247.3 248.2 249.3 250.3 251.3 252.4 253.6 254.7 255.6 256.6 257.6
209.6 205.9 202.1 200 200.7 203.4 207 211.4 215.1 217 217.2 216.3 214.9 213.7 212.7 211.7 210.7 209.3 206.7 203 198.4 193.7 188.9 184.4 180.2 175.7 170.8 166.7 164.5 163.8 163.5 163.3 163.5 164.1 164.8 165.6 166.7 168.1 169.6 172.1 176.2 182.2 188.9 195.7 203 210.6 217.1 222.4 226.1 228.8 230.6 232.1 233.5 235 236.2 237.2 238.1 238.9 239.8 240.3 240.9 242.3 243.8 245 246 246.7 247.6 248.8 249.9 250.8 251.7 252.9 254.1 255.1 255.9 256.7 257.6
206 203.7 202.2 202.7 205.3 208.8 212.2 215.4 217.9 219.3 219.2 218.3 216.9 215.7 214.5 213 211.3 209.5 206.9 203 198.2 193.5 188.6 183.9 179.9 176 171.9 168.3 166.2 164.9 164.2 163.7 163.5 163.8 164.2 165 166.6 168.6 170.1 171.6 174.5 179.7 186.3 193.1 200.2 207.7 214.7 220.5 225 228 230.3 232.2 233.9 235.5 236.6 237.5 238.1 239.1 240.2 240.9 241.4 242.6 244.1 245.3 246.2 246.8 247.9 249.3 250.4 251.2 252.2 253.4 254.6 255.3 255.9 256.6 257.3
207.2 205.4 204.7 206.6 210.5 214.5 217.4 219.4 220.8 221.3 220.9 220 218.7 217.4 216 214.1 211.7 208.9 205.4 201.2 196.6 192.2 187.7 183.3 179.6 176.3 172.9 170 168 166.3 164.7 163.8 163.6 163.5 163.8 164.7 166.9 169.6 171.3 171.8 172.8 176.6 182.5 189.2 196.4 204.1 211.1 217.3 222.2 226 229 231.3 233.5 235.2 236.5 237.3 238 239 240.3 241.3 242 243.2 244.4 245.4 246.2 247 248.1 249.5 250.7 251.6 252.7 253.9 254.9 255.5 255.8 256.3 257.1
211.4 209.1 208 210.1 214.6 218.8 221.3 222.3 222.7 222.9 222.4 221.4 220.1 218.5 216.8 214.6 211.7 207.8 203.4 198.8 194.5 190.5 186.6 182.6 179.2 176.3 173.4 171 169.2 167.2 165.2 163.9 163.8 163.7 163.9 165 167.8 171.4 173.6 173.3 172.6 174.2 178.7 184.7 192.1 199.5 206.2 212.4 217.9 221.9 225 227.7 230.4 232.9 234.9 236.4 237.6 238.9 240.1 241.4 242.5 243.6 244.6 245.5 246.4 247.4 248.5 249.7 250.9 251.9 252.9 254 255 255.5 255.8 256.2 256.9
215.3 212 210.4 212.7 217.2 221.4 223.5 224 224.3 224.3 223.8 222.7 221.1 219.1 217 214.4 210.8 206 201 196.5 192.3 188.7 185 181.5 178.4 175.7 173.1 170.9 169.2 167.5 165.3 164 163.8 163.9 164.2 165.7 169.3 174.2 177.2 176.8 174.6 173.9 176 180.7 187 193.7 199.7 205.8 211.5 216 219.3 222.1 225 228.2 231.2 233.8 236.1 238 239.7 241.2 242.6 243.8 244.8 245.7 246.7 247.9 249 250.2 251.3 252.2 253 253.9 254.7 255.2 255.6 256.1 256.7
217.8 213.9 212.7 215.3 219.7 223.2 225 225.5 225.6 225.4 224.8 223.5 221.5 219 216.4 213.4 209 203.6 198.5 194.2 190.3 186.7 183.2 179.8 177 174.4 171.9 169.9 168.4 166.8 165.1 164.2 164.1 164.1 164.4 166.5 171.2 177.6 181.4 181.2 178.3 175.6 175.2 177.3 181.8 187 192.4 198.3 204.2 209 212.8 216 219.3 222.7 226 229.2 232.4 235.4 238.3 240.7 242.5 244 245.2 246.2 247.4 248.5 249.7 250.9 251.9 252.6 253.2 253.8 254.3 254.8 255.3 255.8 256.3
219.2 215.9 216 219.1 222.8 225.2 226.2 226.7 226.7 226.3 225.4 223.9 221.6 218.7 215.6 211.9 206.6 200.6 195.7 191.8 188 184.7 181.4 178.2 175.3 172.6 170 168.3 167.1 165.9 164.9 164.6 164.7 164.4 164.8 167.6 173.9 181.3 185.6 185.6 182.6 178.9 176.4 175.9 177.6 181 185.4 190.6 195.7 200.4 204.5 208.3 212.4 216.5 220.2 223.9 227.3 231 235.2 239 241.8 243.9 245.5 246.8 248.1 249.2 250.3 251.4 252.3 252.9 253.4 253.9 254.2 254.5 254.8 255.1 255.7
220.5 218.8 220.4 223.5 226 226.9 227.3 227.7 227.6 227 225.9 224.2 221.7 218.4 214.7 210.1 203.9 197.5 192.7 189 185.8 182.9 180 176.9 173.9 170.7 168.2 166.8 166.2 165.3 164.8 164.9 165 164.6 165.6 169.6 177.2 185.3 189.9 190.2 187.4 183.3 179.6 177.3 176.7 177.9 180.6 184 187.5 191 194.8 199.1 204.3 209.4 214.1 218.4 222.1 226.1 231.3 236.1 239.8 242.7 244.9 246.8 248.4 249.7 250.7 251.8 252.5 253.1 253.6 254 254.1 254 254 254.3 255
222.5 222.4 224.7 227.2 228.3 228.4 228.6 228.8 228.3 227.4 226.2 224.4 221.7 218.1 213.7 208.3 201.5 195 190 186.4 183.3 180.9 178.3 175.2 171.9 168.9 167 166.5 166.4 165.9 165.4 165.5 165.7 165.8 167.7 173 181.1 189.2 194.3 195.2 192.8 188.5 184 180.9 179.2 178.9 179.6 180.9 182.3 184.3 186.9 190.7 195.9 201.8 207.7 213.2 217.6 222.2 227.6 232.9 237.2 240.9 243.9 246.5 248.3 249.7 250.9 252 252.6 253 253.4 253.7 253.6 253.5 253.4 253.7 254.4
225 226.1 228.3 229.8 230.1 230 230.1 230.1 229.1 227.9 226.5 224.6 221.7 217.6 212.5 206.4 199.6 193 187.7 183.7 180.6 178.2 175.7 172.6 169.6 167.3 166.6 167 167.2 166.7 166.3 166.5 167 168.1 171.3 177.5 185.2 192.9 198.4 200.4 198.6 194.2 189.4 185.7 183.6 182.4 181.9 181.9 182 182.4 183.3 185.5 189.5 194.9 201.4 207.9 213.7 218.9 224.7 229.9 234.8 239.2 243.1 246.2 248.3 249.6 250.7 251.8 252.4 252.7 252.8 252.9 252.7 252.5 252.6 252.8 252.9
